2023/01/21-18:23:38.341698 7f00956b4ac0 RocksDB version: 6.17.0
2023/01/21-18:23:38.341876 7f00956b4ac0 Git sha 0
2023/01/21-18:23:38.341934 7f00956b4ac0 DB SUMMARY
2023/01/21-18:23:38.341937 7f00956b4ac0 DB Session ID:  U44KKW635LGAWW8EKGB7
2023/01/21-18:23:38.341978 7f00956b4ac0 CURRENT file:  CURRENT
2023/01/21-18:23:38.341980 7f00956b4ac0 IDENTITY file:  IDENTITY
2023/01/21-18:23:38.341985 7f00956b4ac0 MANIFEST file:  MANIFEST-000003 size: 10620 Bytes
2023/01/21-18:23:38.341987 7f00956b4ac0 SST files in /home/obrit/motokobootcamp2023-coreproject/.dfx/state/replicated_state/node-100/ic_consensus_pool/certification dir, Total Num: 2, files: 000103.sst 000106.sst 
2023/01/21-18:23:38.341989 7f00956b4ac0 Write Ahead Log file in /home/obrit/motokobootcamp2023-coreproject/.dfx/state/replicated_state/node-100/ic_consensus_pool/certification: 000101.log size: 1073 ; 000104.log size: 1233529 ; 
2023/01/21-18:23:38.341991 7f00956b4ac0                         Options.error_if_exists: 0
2023/01/21-18:23:38.341993 7f00956b4ac0                       Options.create_if_missing: 1
2023/01/21-18:23:38.341994 7f00956b4ac0                         Options.paranoid_checks: 1
2023/01/21-18:23:38.341995 7f00956b4ac0                               Options.track_and_verify_wals_in_manifest: 0
2023/01/21-18:23:38.341997 7f00956b4ac0                                     Options.env: 0x55a0f205c940
2023/01/21-18:23:38.341998 7f00956b4ac0                                      Options.fs: Posix File System
2023/01/21-18:23:38.342000 7f00956b4ac0                                Options.info_log: 0x55a133e89f10
2023/01/21-18:23:38.342001 7f00956b4ac0                Options.max_file_opening_threads: 16
2023/01/21-18:23:38.342002 7f00956b4ac0                              Options.statistics: (nil)
2023/01/21-18:23:38.342004 7f00956b4ac0                               Options.use_fsync: 1
2023/01/21-18:23:38.342034 7f00956b4ac0                       Options.max_log_file_size: 0
2023/01/21-18:23:38.342037 7f00956b4ac0                  Options.max_manifest_file_size: 1073741824
2023/01/21-18:23:38.342039 7f00956b4ac0                   Options.log_file_time_to_roll: 0
2023/01/21-18:23:38.342041 7f00956b4ac0                       Options.keep_log_file_num: 1000
2023/01/21-18:23:38.342043 7f00956b4ac0                    Options.recycle_log_file_num: 0
2023/01/21-18:23:38.342045 7f00956b4ac0                         Options.allow_fallocate: 1
2023/01/21-18:23:38.342046 7f00956b4ac0                        Options.allow_mmap_reads: 0
2023/01/21-18:23:38.342048 7f00956b4ac0                       Options.allow_mmap_writes: 0
2023/01/21-18:23:38.342050 7f00956b4ac0                        Options.use_direct_reads: 0
2023/01/21-18:23:38.342052 7f00956b4ac0                        Options.use_direct_io_for_flush_and_compaction: 0
2023/01/21-18:23:38.342054 7f00956b4ac0          Options.create_missing_column_families: 1
2023/01/21-18:23:38.342056 7f00956b4ac0                              Options.db_log_dir: 
2023/01/21-18:23:38.342111 7f00956b4ac0                                 Options.wal_dir: /home/obrit/motokobootcamp2023-coreproject/.dfx/state/replicated_state/node-100/ic_consensus_pool/certification
2023/01/21-18:23:38.342116 7f00956b4ac0                Options.table_cache_numshardbits: 6
2023/01/21-18:23:38.342119 7f00956b4ac0                         Options.WAL_ttl_seconds: 0
2023/01/21-18:23:38.342123 7f00956b4ac0                       Options.WAL_size_limit_MB: 0
2023/01/21-18:23:38.342125 7f00956b4ac0                        Options.max_write_batch_group_size_bytes: 1048576
2023/01/21-18:23:38.342127 7f00956b4ac0             Options.manifest_preallocation_size: 4194304
2023/01/21-18:23:38.342131 7f00956b4ac0                     Options.is_fd_close_on_exec: 1
2023/01/21-18:23:38.342135 7f00956b4ac0                   Options.advise_random_on_open: 1
2023/01/21-18:23:38.342137 7f00956b4ac0                    Options.db_write_buffer_size: 0
2023/01/21-18:23:38.342140 7f00956b4ac0                    Options.write_buffer_manager: 0x55a133e86f00
2023/01/21-18:23:38.342144 7f00956b4ac0         Options.access_hint_on_compaction_start: 1
2023/01/21-18:23:38.342222 7f00956b4ac0  Options.new_table_reader_for_compaction_inputs: 0
2023/01/21-18:23:38.342231 7f00956b4ac0           Options.random_access_max_buffer_size: 1048576
2023/01/21-18:23:38.342235 7f00956b4ac0                      Options.use_adaptive_mutex: 0
2023/01/21-18:23:38.342237 7f00956b4ac0                            Options.rate_limiter: (nil)
2023/01/21-18:23:38.342240 7f00956b4ac0     Options.sst_file_manager.rate_bytes_per_sec: 0
2023/01/21-18:23:38.342242 7f00956b4ac0                       Options.wal_recovery_mode: 2
2023/01/21-18:23:38.342243 7f00956b4ac0                  Options.enable_thread_tracking: 0
2023/01/21-18:23:38.342244 7f00956b4ac0                  Options.enable_pipelined_write: 0
2023/01/21-18:23:38.342246 7f00956b4ac0                  Options.unordered_write: 0
2023/01/21-18:23:38.342247 7f00956b4ac0         Options.allow_concurrent_memtable_write: 1
2023/01/21-18:23:38.342248 7f00956b4ac0      Options.enable_write_thread_adaptive_yield: 1
2023/01/21-18:23:38.342249 7f00956b4ac0             Options.write_thread_max_yield_usec: 100
2023/01/21-18:23:38.342250 7f00956b4ac0            Options.write_thread_slow_yield_usec: 3
2023/01/21-18:23:38.342252 7f00956b4ac0                               Options.row_cache: None
2023/01/21-18:23:38.342253 7f00956b4ac0                              Options.wal_filter: None
2023/01/21-18:23:38.342254 7f00956b4ac0             Options.avoid_flush_during_recovery: 0
2023/01/21-18:23:38.342256 7f00956b4ac0             Options.allow_ingest_behind: 0
2023/01/21-18:23:38.342257 7f00956b4ac0             Options.preserve_deletes: 0
2023/01/21-18:23:38.342258 7f00956b4ac0             Options.two_write_queues: 0
2023/01/21-18:23:38.342259 7f00956b4ac0             Options.manual_wal_flush: 0
2023/01/21-18:23:38.342260 7f00956b4ac0             Options.atomic_flush: 0
2023/01/21-18:23:38.342262 7f00956b4ac0             Options.avoid_unnecessary_blocking_io: 0
2023/01/21-18:23:38.342263 7f00956b4ac0                 Options.persist_stats_to_disk: 0
2023/01/21-18:23:38.342264 7f00956b4ac0                 Options.write_dbid_to_manifest: 0
2023/01/21-18:23:38.342265 7f00956b4ac0                 Options.log_readahead_size: 0
2023/01/21-18:23:38.342266 7f00956b4ac0                 Options.file_checksum_gen_factory: Unknown
2023/01/21-18:23:38.342268 7f00956b4ac0                 Options.best_efforts_recovery: 0
2023/01/21-18:23:38.342269 7f00956b4ac0                Options.max_bgerror_resume_count: 2147483647
2023/01/21-18:23:38.342270 7f00956b4ac0            Options.bgerror_resume_retry_interval: 1000000
2023/01/21-18:23:38.342272 7f00956b4ac0             Options.allow_data_in_errors: 0
2023/01/21-18:23:38.342273 7f00956b4ac0             Options.db_host_id: __hostname__
2023/01/21-18:23:38.342274 7f00956b4ac0             Options.max_background_jobs: 2
2023/01/21-18:23:38.342275 7f00956b4ac0             Options.max_background_compactions: -1
2023/01/21-18:23:38.342277 7f00956b4ac0             Options.max_subcompactions: 1
2023/01/21-18:23:38.342278 7f00956b4ac0             Options.avoid_flush_during_shutdown: 0
2023/01/21-18:23:38.342279 7f00956b4ac0           Options.writable_file_max_buffer_size: 1048576
2023/01/21-18:23:38.342280 7f00956b4ac0             Options.delayed_write_rate : 16777216
2023/01/21-18:23:38.342282 7f00956b4ac0             Options.max_total_wal_size: 0
2023/01/21-18:23:38.342283 7f00956b4ac0             Options.delete_obsolete_files_period_micros: 21600000000
2023/01/21-18:23:38.342284 7f00956b4ac0                   Options.stats_dump_period_sec: 600
2023/01/21-18:23:38.342285 7f00956b4ac0                 Options.stats_persist_period_sec: 600
2023/01/21-18:23:38.342287 7f00956b4ac0                 Options.stats_history_buffer_size: 1048576
2023/01/21-18:23:38.342288 7f00956b4ac0                          Options.max_open_files: -1
2023/01/21-18:23:38.342289 7f00956b4ac0                          Options.bytes_per_sync: 0
2023/01/21-18:23:38.342290 7f00956b4ac0                      Options.wal_bytes_per_sync: 0
2023/01/21-18:23:38.342292 7f00956b4ac0                   Options.strict_bytes_per_sync: 0
2023/01/21-18:23:38.342312 7f00956b4ac0       Options.compaction_readahead_size: 0
2023/01/21-18:23:38.342313 7f00956b4ac0                  Options.max_background_flushes: -1
2023/01/21-18:23:38.342315 7f00956b4ac0 Compression algorithms supported:
2023/01/21-18:23:38.342316 7f00956b4ac0 	kZSTDNotFinalCompression supported: 1
2023/01/21-18:23:38.342319 7f00956b4ac0 	kZSTD supported: 1
2023/01/21-18:23:38.342320 7f00956b4ac0 	kXpressCompression supported: 0
2023/01/21-18:23:38.342322 7f00956b4ac0 	kLZ4HCCompression supported: 1
2023/01/21-18:23:38.342323 7f00956b4ac0 	kLZ4Compression supported: 1
2023/01/21-18:23:38.342325 7f00956b4ac0 	kBZip2Compression supported: 1
2023/01/21-18:23:38.342326 7f00956b4ac0 	kZlibCompression supported: 1
2023/01/21-18:23:38.342327 7f00956b4ac0 	kSnappyCompression supported: 1
2023/01/21-18:23:38.342334 7f00956b4ac0 Fast CRC32 supported: Supported on x86
2023/01/21-18:23:38.342530 7f00956b4ac0 [db/version_set.cc:4758] Recovering from manifest file: /home/obrit/motokobootcamp2023-coreproject/.dfx/state/replicated_state/node-100/ic_consensus_pool/certification/MANIFEST-000003
2023/01/21-18:23:38.342669 7f00956b4ac0 [db/column_family.cc:595] --------------- Options for column family [default]:
2023/01/21-18:23:38.342673 7f00956b4ac0               Options.comparator: leveldb.BytewiseComparator
2023/01/21-18:23:38.342674 7f00956b4ac0           Options.merge_operator: None
2023/01/21-18:23:38.342675 7f00956b4ac0        Options.compaction_filter: None
2023/01/21-18:23:38.342677 7f00956b4ac0        Options.compaction_filter_factory: None
2023/01/21-18:23:38.342678 7f00956b4ac0  Options.sst_partitioner_factory: None
2023/01/21-18:23:38.342679 7f00956b4ac0         Options.memtable_factory: SkipListFactory
2023/01/21-18:23:38.342681 7f00956b4ac0            Options.table_factory: BlockBasedTable
2023/01/21-18:23:38.342709 7f00956b4ac0            table_factory options:   flush_block_policy_factory: FlushBlockBySizePolicyFactory (0x55a133f05420)
  cache_index_and_filter_blocks: 0
  cache_index_and_filter_blocks_with_high_priority: 1
  pin_l0_filter_and_index_blocks_in_cache: 0
  pin_top_level_index_and_filter: 1
  index_type: 0
  data_block_index_type: 0
  index_shortening: 1
  data_block_hash_table_util_ratio: 0.750000
  hash_index_allow_collision: 1
  checksum: 1
  no_block_cache: 0
  block_cache: 0x55a133e85e40
  block_cache_name: LRUCache
  block_cache_options:
    capacity : 8388608
    num_shard_bits : 4
    strict_capacity_limit : 0
    memory_allocator : None
    high_pri_pool_ratio: 0.000
  block_cache_compressed: (nil)
  persistent_cache: (nil)
  block_size: 4096
  block_size_deviation: 10
  block_restart_interval: 16
  index_block_restart_interval: 1
  metadata_block_size: 4096
  partition_filters: 0
  use_delta_encoding: 1
  filter_policy: nullptr
  whole_key_filtering: 1
  verify_compression: 0
  read_amp_bytes_per_bit: 0
  format_version: 4
  enable_index_compression: 1
  block_align: 0
2023/01/21-18:23:38.342710 7f00956b4ac0        Options.write_buffer_size: 67108864
2023/01/21-18:23:38.342712 7f00956b4ac0  Options.max_write_buffer_number: 2
2023/01/21-18:23:38.342713 7f00956b4ac0          Options.compression: Snappy
2023/01/21-18:23:38.342714 7f00956b4ac0                  Options.bottommost_compression: Disabled
2023/01/21-18:23:38.342716 7f00956b4ac0       Options.prefix_extractor: nullptr
2023/01/21-18:23:38.342717 7f00956b4ac0   Options.memtable_insert_with_hint_prefix_extractor: nullptr
2023/01/21-18:23:38.342718 7f00956b4ac0             Options.num_levels: 7
2023/01/21-18:23:38.342720 7f00956b4ac0        Options.min_write_buffer_number_to_merge: 1
2023/01/21-18:23:38.342721 7f00956b4ac0     Options.max_write_buffer_number_to_maintain: 0
2023/01/21-18:23:38.342722 7f00956b4ac0     Options.max_write_buffer_size_to_maintain: 0
2023/01/21-18:23:38.342723 7f00956b4ac0            Options.bottommost_compression_opts.window_bits: -14
2023/01/21-18:23:38.342725 7f00956b4ac0                  Options.bottommost_compression_opts.level: 32767
2023/01/21-18:23:38.342786 7f00956b4ac0               Options.bottommost_compression_opts.strategy: 0
2023/01/21-18:23:38.342790 7f00956b4ac0         Options.bottommost_compression_opts.max_dict_bytes: 0
2023/01/21-18:23:38.342791 7f00956b4ac0         Options.bottommost_compression_opts.zstd_max_train_bytes: 0
2023/01/21-18:23:38.342793 7f00956b4ac0         Options.bottommost_compression_opts.parallel_threads: 1
2023/01/21-18:23:38.342794 7f00956b4ac0                  Options.bottommost_compression_opts.enabled: false
2023/01/21-18:23:38.342795 7f00956b4ac0            Options.compression_opts.window_bits: -14
2023/01/21-18:23:38.342797 7f00956b4ac0                  Options.compression_opts.level: 32767
2023/01/21-18:23:38.342798 7f00956b4ac0               Options.compression_opts.strategy: 0
2023/01/21-18:23:38.342799 7f00956b4ac0         Options.compression_opts.max_dict_bytes: 0
2023/01/21-18:23:38.342800 7f00956b4ac0         Options.compression_opts.zstd_max_train_bytes: 0
2023/01/21-18:23:38.342802 7f00956b4ac0         Options.compression_opts.parallel_threads: 1
2023/01/21-18:23:38.342803 7f00956b4ac0                  Options.compression_opts.enabled: false
2023/01/21-18:23:38.342804 7f00956b4ac0      Options.level0_file_num_compaction_trigger: 4
2023/01/21-18:23:38.342805 7f00956b4ac0          Options.level0_slowdown_writes_trigger: 20
2023/01/21-18:23:38.342806 7f00956b4ac0              Options.level0_stop_writes_trigger: 36
2023/01/21-18:23:38.342808 7f00956b4ac0                   Options.target_file_size_base: 67108864
2023/01/21-18:23:38.342809 7f00956b4ac0             Options.target_file_size_multiplier: 1
2023/01/21-18:23:38.342810 7f00956b4ac0                Options.max_bytes_for_level_base: 268435456
2023/01/21-18:23:38.342811 7f00956b4ac0 Options.level_compaction_dynamic_level_bytes: 0
2023/01/21-18:23:38.342813 7f00956b4ac0          Options.max_bytes_for_level_multiplier: 10.000000
2023/01/21-18:23:38.342816 7f00956b4ac0 Options.max_bytes_for_level_multiplier_addtl[0]: 1
2023/01/21-18:23:38.342818 7f00956b4ac0 Options.max_bytes_for_level_multiplier_addtl[1]: 1
2023/01/21-18:23:38.342819 7f00956b4ac0 Options.max_bytes_for_level_multiplier_addtl[2]: 1
2023/01/21-18:23:38.342820 7f00956b4ac0 Options.max_bytes_for_level_multiplier_addtl[3]: 1
2023/01/21-18:23:38.342822 7f00956b4ac0 Options.max_bytes_for_level_multiplier_addtl[4]: 1
2023/01/21-18:23:38.342823 7f00956b4ac0 Options.max_bytes_for_level_multiplier_addtl[5]: 1
2023/01/21-18:23:38.342824 7f00956b4ac0 Options.max_bytes_for_level_multiplier_addtl[6]: 1
2023/01/21-18:23:38.342825 7f00956b4ac0       Options.max_sequential_skip_in_iterations: 8
2023/01/21-18:23:38.342826 7f00956b4ac0                    Options.max_compaction_bytes: 1677721600
2023/01/21-18:23:38.342828 7f00956b4ac0                        Options.arena_block_size: 8388608
2023/01/21-18:23:38.342829 7f00956b4ac0   Options.soft_pending_compaction_bytes_limit: 68719476736
2023/01/21-18:23:38.342830 7f00956b4ac0   Options.hard_pending_compaction_bytes_limit: 274877906944
2023/01/21-18:23:38.342832 7f00956b4ac0       Options.rate_limit_delay_max_milliseconds: 100
2023/01/21-18:23:38.342833 7f00956b4ac0                Options.disable_auto_compactions: 0
2023/01/21-18:23:38.342836 7f00956b4ac0                        Options.compaction_style: kCompactionStyleLevel
2023/01/21-18:23:38.342838 7f00956b4ac0                          Options.compaction_pri: kMinOverlappingRatio
2023/01/21-18:23:38.342839 7f00956b4ac0 Options.compaction_options_universal.size_ratio: 1
2023/01/21-18:23:38.342840 7f00956b4ac0 Options.compaction_options_universal.min_merge_width: 2
2023/01/21-18:23:38.342841 7f00956b4ac0 Options.compaction_options_universal.max_merge_width: 4294967295
2023/01/21-18:23:38.342842 7f00956b4ac0 Options.compaction_options_universal.max_size_amplification_percent: 200
2023/01/21-18:23:38.342844 7f00956b4ac0 Options.compaction_options_universal.compression_size_percent: -1
2023/01/21-18:23:38.342846 7f00956b4ac0 Options.compaction_options_universal.stop_style: kCompactionStopStyleTotalSize
2023/01/21-18:23:38.342847 7f00956b4ac0 Options.compaction_options_fifo.max_table_files_size: 1073741824
2023/01/21-18:23:38.342866 7f00956b4ac0 Options.compaction_options_fifo.allow_compaction: 0
2023/01/21-18:23:38.342875 7f00956b4ac0                   Options.table_properties_collectors: 
2023/01/21-18:23:38.342876 7f00956b4ac0                   Options.inplace_update_support: 0
2023/01/21-18:23:38.342878 7f00956b4ac0                 Options.inplace_update_num_locks: 10000
2023/01/21-18:23:38.342879 7f00956b4ac0               Options.memtable_prefix_bloom_size_ratio: 0.000000
2023/01/21-18:23:38.342882 7f00956b4ac0               Options.memtable_whole_key_filtering: 0
2023/01/21-18:23:38.342884 7f00956b4ac0   Options.memtable_huge_page_size: 0
2023/01/21-18:23:38.342886 7f00956b4ac0                           Options.bloom_locality: 0
2023/01/21-18:23:38.342888 7f00956b4ac0                    Options.max_successive_merges: 0
2023/01/21-18:23:38.342890 7f00956b4ac0                Options.optimize_filters_for_hits: 0
2023/01/21-18:23:38.342892 7f00956b4ac0                Options.paranoid_file_checks: 0
2023/01/21-18:23:38.342894 7f00956b4ac0                Options.force_consistency_checks: 1
2023/01/21-18:23:38.342896 7f00956b4ac0                Options.report_bg_io_stats: 0
2023/01/21-18:23:38.342899 7f00956b4ac0                               Options.ttl: 2592000
2023/01/21-18:23:38.342901 7f00956b4ac0          Options.periodic_compaction_seconds: 0
2023/01/21-18:23:38.342904 7f00956b4ac0                    Options.enable_blob_files: false
2023/01/21-18:23:38.342907 7f00956b4ac0                        Options.min_blob_size: 0
2023/01/21-18:23:38.342909 7f00956b4ac0                       Options.blob_file_size: 268435456
2023/01/21-18:23:38.342911 7f00956b4ac0                Options.blob_compression_type: NoCompression
2023/01/21-18:23:38.342913 7f00956b4ac0       Options.enable_blob_garbage_collection: false
2023/01/21-18:23:38.342915 7f00956b4ac0   Options.blob_garbage_collection_age_cutoff: 0.250000
2023/01/21-18:23:38.352403 7f00956b4ac0 [db/column_family.cc:595] --------------- Options for column family [CE]:
2023/01/21-18:23:38.352412 7f00956b4ac0               Options.comparator: leveldb.BytewiseComparator
2023/01/21-18:23:38.352414 7f00956b4ac0           Options.merge_operator: None
2023/01/21-18:23:38.352417 7f00956b4ac0        Options.compaction_filter: filter_outdated
2023/01/21-18:23:38.352419 7f00956b4ac0        Options.compaction_filter_factory: None
2023/01/21-18:23:38.352421 7f00956b4ac0  Options.sst_partitioner_factory: None
2023/01/21-18:23:38.352422 7f00956b4ac0         Options.memtable_factory: SkipListFactory
2023/01/21-18:23:38.352424 7f00956b4ac0            Options.table_factory: BlockBasedTable
2023/01/21-18:23:38.352455 7f00956b4ac0            table_factory options:   flush_block_policy_factory: FlushBlockBySizePolicyFactory (0x55a133d2a290)
  cache_index_and_filter_blocks: 0
  cache_index_and_filter_blocks_with_high_priority: 1
  pin_l0_filter_and_index_blocks_in_cache: 0
  pin_top_level_index_and_filter: 1
  index_type: 0
  data_block_index_type: 0
  index_shortening: 1
  data_block_hash_table_util_ratio: 0.750000
  hash_index_allow_collision: 1
  checksum: 1
  no_block_cache: 0
  block_cache: 0x55a133e1d7e0
  block_cache_name: LRUCache
  block_cache_options:
    capacity : 8388608
    num_shard_bits : 4
    strict_capacity_limit : 0
    memory_allocator : None
    high_pri_pool_ratio: 0.000
  block_cache_compressed: (nil)
  persistent_cache: (nil)
  block_size: 4096
  block_size_deviation: 10
  block_restart_interval: 16
  index_block_restart_interval: 1
  metadata_block_size: 4096
  partition_filters: 0
  use_delta_encoding: 1
  filter_policy: nullptr
  whole_key_filtering: 1
  verify_compression: 0
  read_amp_bytes_per_bit: 0
  format_version: 4
  enable_index_compression: 1
  block_align: 0
2023/01/21-18:23:38.352457 7f00956b4ac0        Options.write_buffer_size: 67108864
2023/01/21-18:23:38.352459 7f00956b4ac0  Options.max_write_buffer_number: 2
2023/01/21-18:23:38.352461 7f00956b4ac0          Options.compression: NoCompression
2023/01/21-18:23:38.352538 7f00956b4ac0                  Options.bottommost_compression: Disabled
2023/01/21-18:23:38.352544 7f00956b4ac0       Options.prefix_extractor: nullptr
2023/01/21-18:23:38.352545 7f00956b4ac0   Options.memtable_insert_with_hint_prefix_extractor: nullptr
2023/01/21-18:23:38.352547 7f00956b4ac0             Options.num_levels: 7
2023/01/21-18:23:38.352548 7f00956b4ac0        Options.min_write_buffer_number_to_merge: 1
2023/01/21-18:23:38.352550 7f00956b4ac0     Options.max_write_buffer_number_to_maintain: 0
2023/01/21-18:23:38.352551 7f00956b4ac0     Options.max_write_buffer_size_to_maintain: 0
2023/01/21-18:23:38.352553 7f00956b4ac0            Options.bottommost_compression_opts.window_bits: -14
2023/01/21-18:23:38.352555 7f00956b4ac0                  Options.bottommost_compression_opts.level: 32767
2023/01/21-18:23:38.352556 7f00956b4ac0               Options.bottommost_compression_opts.strategy: 0
2023/01/21-18:23:38.352558 7f00956b4ac0         Options.bottommost_compression_opts.max_dict_bytes: 0
2023/01/21-18:23:38.352559 7f00956b4ac0         Options.bottommost_compression_opts.zstd_max_train_bytes: 0
2023/01/21-18:23:38.352561 7f00956b4ac0         Options.bottommost_compression_opts.parallel_threads: 1
2023/01/21-18:23:38.352562 7f00956b4ac0                  Options.bottommost_compression_opts.enabled: false
2023/01/21-18:23:38.352564 7f00956b4ac0            Options.compression_opts.window_bits: -14
2023/01/21-18:23:38.352565 7f00956b4ac0                  Options.compression_opts.level: 32767
2023/01/21-18:23:38.352567 7f00956b4ac0               Options.compression_opts.strategy: 0
2023/01/21-18:23:38.352568 7f00956b4ac0         Options.compression_opts.max_dict_bytes: 0
2023/01/21-18:23:38.352570 7f00956b4ac0         Options.compression_opts.zstd_max_train_bytes: 0
2023/01/21-18:23:38.352571 7f00956b4ac0         Options.compression_opts.parallel_threads: 1
2023/01/21-18:23:38.352573 7f00956b4ac0                  Options.compression_opts.enabled: false
2023/01/21-18:23:38.352574 7f00956b4ac0      Options.level0_file_num_compaction_trigger: 4
2023/01/21-18:23:38.352576 7f00956b4ac0          Options.level0_slowdown_writes_trigger: 20
2023/01/21-18:23:38.352577 7f00956b4ac0              Options.level0_stop_writes_trigger: 36
2023/01/21-18:23:38.352579 7f00956b4ac0                   Options.target_file_size_base: 67108864
2023/01/21-18:23:38.352580 7f00956b4ac0             Options.target_file_size_multiplier: 1
2023/01/21-18:23:38.352582 7f00956b4ac0                Options.max_bytes_for_level_base: 268435456
2023/01/21-18:23:38.352583 7f00956b4ac0 Options.level_compaction_dynamic_level_bytes: 0
2023/01/21-18:23:38.352585 7f00956b4ac0          Options.max_bytes_for_level_multiplier: 10.000000
2023/01/21-18:23:38.352589 7f00956b4ac0 Options.max_bytes_for_level_multiplier_addtl[0]: 1
2023/01/21-18:23:38.352591 7f00956b4ac0 Options.max_bytes_for_level_multiplier_addtl[1]: 1
2023/01/21-18:23:38.352593 7f00956b4ac0 Options.max_bytes_for_level_multiplier_addtl[2]: 1
2023/01/21-18:23:38.352594 7f00956b4ac0 Options.max_bytes_for_level_multiplier_addtl[3]: 1
2023/01/21-18:23:38.352595 7f00956b4ac0 Options.max_bytes_for_level_multiplier_addtl[4]: 1
2023/01/21-18:23:38.352597 7f00956b4ac0 Options.max_bytes_for_level_multiplier_addtl[5]: 1
2023/01/21-18:23:38.352598 7f00956b4ac0 Options.max_bytes_for_level_multiplier_addtl[6]: 1
2023/01/21-18:23:38.352600 7f00956b4ac0       Options.max_sequential_skip_in_iterations: 8
2023/01/21-18:23:38.352601 7f00956b4ac0                    Options.max_compaction_bytes: 1677721600
2023/01/21-18:23:38.352603 7f00956b4ac0                        Options.arena_block_size: 8388608
2023/01/21-18:23:38.352604 7f00956b4ac0   Options.soft_pending_compaction_bytes_limit: 68719476736
2023/01/21-18:23:38.352606 7f00956b4ac0   Options.hard_pending_compaction_bytes_limit: 274877906944
2023/01/21-18:23:38.352608 7f00956b4ac0       Options.rate_limit_delay_max_milliseconds: 100
2023/01/21-18:23:38.352609 7f00956b4ac0                Options.disable_auto_compactions: 1
2023/01/21-18:23:38.352633 7f00956b4ac0                        Options.compaction_style: kCompactionStyleLevel
2023/01/21-18:23:38.352636 7f00956b4ac0                          Options.compaction_pri: kMinOverlappingRatio
2023/01/21-18:23:38.352637 7f00956b4ac0 Options.compaction_options_universal.size_ratio: 1
2023/01/21-18:23:38.352639 7f00956b4ac0 Options.compaction_options_universal.min_merge_width: 2
2023/01/21-18:23:38.352640 7f00956b4ac0 Options.compaction_options_universal.max_merge_width: 4294967295
2023/01/21-18:23:38.352642 7f00956b4ac0 Options.compaction_options_universal.max_size_amplification_percent: 200
2023/01/21-18:23:38.352643 7f00956b4ac0 Options.compaction_options_universal.compression_size_percent: -1
2023/01/21-18:23:38.352645 7f00956b4ac0 Options.compaction_options_universal.stop_style: kCompactionStopStyleTotalSize
2023/01/21-18:23:38.352646 7f00956b4ac0 Options.compaction_options_fifo.max_table_files_size: 1073741824
2023/01/21-18:23:38.352648 7f00956b4ac0 Options.compaction_options_fifo.allow_compaction: 0
2023/01/21-18:23:38.352654 7f00956b4ac0                   Options.table_properties_collectors: 
2023/01/21-18:23:38.352656 7f00956b4ac0                   Options.inplace_update_support: 0
2023/01/21-18:23:38.352657 7f00956b4ac0                 Options.inplace_update_num_locks: 10000
2023/01/21-18:23:38.352659 7f00956b4ac0               Options.memtable_prefix_bloom_size_ratio: 0.000000
2023/01/21-18:23:38.352661 7f00956b4ac0               Options.memtable_whole_key_filtering: 0
2023/01/21-18:23:38.352663 7f00956b4ac0   Options.memtable_huge_page_size: 0
2023/01/21-18:23:38.352664 7f00956b4ac0                           Options.bloom_locality: 0
2023/01/21-18:23:38.352666 7f00956b4ac0                    Options.max_successive_merges: 0
2023/01/21-18:23:38.352667 7f00956b4ac0                Options.optimize_filters_for_hits: 0
2023/01/21-18:23:38.352669 7f00956b4ac0                Options.paranoid_file_checks: 0
2023/01/21-18:23:38.352670 7f00956b4ac0                Options.force_consistency_checks: 1
2023/01/21-18:23:38.352671 7f00956b4ac0                Options.report_bg_io_stats: 0
2023/01/21-18:23:38.352673 7f00956b4ac0                               Options.ttl: 2592000
2023/01/21-18:23:38.352674 7f00956b4ac0          Options.periodic_compaction_seconds: 2592000
2023/01/21-18:23:38.352676 7f00956b4ac0                    Options.enable_blob_files: false
2023/01/21-18:23:38.352677 7f00956b4ac0                        Options.min_blob_size: 0
2023/01/21-18:23:38.352679 7f00956b4ac0                       Options.blob_file_size: 268435456
2023/01/21-18:23:38.352680 7f00956b4ac0                Options.blob_compression_type: NoCompression
2023/01/21-18:23:38.352682 7f00956b4ac0       Options.enable_blob_garbage_collection: false
2023/01/21-18:23:38.352683 7f00956b4ac0   Options.blob_garbage_collection_age_cutoff: 0.250000
2023/01/21-18:23:38.352729 7f00956b4ac0 [db/column_family.cc:595] --------------- Options for column family [CES]:
2023/01/21-18:23:38.352732 7f00956b4ac0               Options.comparator: leveldb.BytewiseComparator
2023/01/21-18:23:38.352734 7f00956b4ac0           Options.merge_operator: None
2023/01/21-18:23:38.352736 7f00956b4ac0        Options.compaction_filter: filter_outdated
2023/01/21-18:23:38.352737 7f00956b4ac0        Options.compaction_filter_factory: None
2023/01/21-18:23:38.352739 7f00956b4ac0  Options.sst_partitioner_factory: None
2023/01/21-18:23:38.352740 7f00956b4ac0         Options.memtable_factory: SkipListFactory
2023/01/21-18:23:38.352742 7f00956b4ac0            Options.table_factory: BlockBasedTable
2023/01/21-18:23:38.352768 7f00956b4ac0            table_factory options:   flush_block_policy_factory: FlushBlockBySizePolicyFactory (0x55a133e21860)
  cache_index_and_filter_blocks: 0
  cache_index_and_filter_blocks_with_high_priority: 1
  pin_l0_filter_and_index_blocks_in_cache: 0
  pin_top_level_index_and_filter: 1
  index_type: 0
  data_block_index_type: 0
  index_shortening: 1
  data_block_hash_table_util_ratio: 0.750000
  hash_index_allow_collision: 1
  checksum: 1
  no_block_cache: 0
  block_cache: 0x55a133d295e0
  block_cache_name: LRUCache
  block_cache_options:
    capacity : 8388608
    num_shard_bits : 4
    strict_capacity_limit : 0
    memory_allocator : None
    high_pri_pool_ratio: 0.000
  block_cache_compressed: (nil)
  persistent_cache: (nil)
  block_size: 4096
  block_size_deviation: 10
  block_restart_interval: 16
  index_block_restart_interval: 1
  metadata_block_size: 4096
  partition_filters: 0
  use_delta_encoding: 1
  filter_policy: nullptr
  whole_key_filtering: 1
  verify_compression: 0
  read_amp_bytes_per_bit: 0
  format_version: 4
  enable_index_compression: 1
  block_align: 0
2023/01/21-18:23:38.352833 7f00956b4ac0        Options.write_buffer_size: 67108864
2023/01/21-18:23:38.352837 7f00956b4ac0  Options.max_write_buffer_number: 2
2023/01/21-18:23:38.352839 7f00956b4ac0          Options.compression: NoCompression
2023/01/21-18:23:38.352841 7f00956b4ac0                  Options.bottommost_compression: Disabled
2023/01/21-18:23:38.352842 7f00956b4ac0       Options.prefix_extractor: nullptr
2023/01/21-18:23:38.352844 7f00956b4ac0   Options.memtable_insert_with_hint_prefix_extractor: nullptr
2023/01/21-18:23:38.352845 7f00956b4ac0             Options.num_levels: 7
2023/01/21-18:23:38.352847 7f00956b4ac0        Options.min_write_buffer_number_to_merge: 1
2023/01/21-18:23:38.352848 7f00956b4ac0     Options.max_write_buffer_number_to_maintain: 0
2023/01/21-18:23:38.352850 7f00956b4ac0     Options.max_write_buffer_size_to_maintain: 0
2023/01/21-18:23:38.352851 7f00956b4ac0            Options.bottommost_compression_opts.window_bits: -14
2023/01/21-18:23:38.352853 7f00956b4ac0                  Options.bottommost_compression_opts.level: 32767
2023/01/21-18:23:38.352854 7f00956b4ac0               Options.bottommost_compression_opts.strategy: 0
2023/01/21-18:23:38.352856 7f00956b4ac0         Options.bottommost_compression_opts.max_dict_bytes: 0
2023/01/21-18:23:38.352857 7f00956b4ac0         Options.bottommost_compression_opts.zstd_max_train_bytes: 0
2023/01/21-18:23:38.352859 7f00956b4ac0         Options.bottommost_compression_opts.parallel_threads: 1
2023/01/21-18:23:38.352860 7f00956b4ac0                  Options.bottommost_compression_opts.enabled: false
2023/01/21-18:23:38.352862 7f00956b4ac0            Options.compression_opts.window_bits: -14
2023/01/21-18:23:38.352863 7f00956b4ac0                  Options.compression_opts.level: 32767
2023/01/21-18:23:38.352865 7f00956b4ac0               Options.compression_opts.strategy: 0
2023/01/21-18:23:38.352866 7f00956b4ac0         Options.compression_opts.max_dict_bytes: 0
2023/01/21-18:23:38.352867 7f00956b4ac0         Options.compression_opts.zstd_max_train_bytes: 0
2023/01/21-18:23:38.352869 7f00956b4ac0         Options.compression_opts.parallel_threads: 1
2023/01/21-18:23:38.352870 7f00956b4ac0                  Options.compression_opts.enabled: false
2023/01/21-18:23:38.352872 7f00956b4ac0      Options.level0_file_num_compaction_trigger: 4
2023/01/21-18:23:38.352873 7f00956b4ac0          Options.level0_slowdown_writes_trigger: 20
2023/01/21-18:23:38.352875 7f00956b4ac0              Options.level0_stop_writes_trigger: 36
2023/01/21-18:23:38.352876 7f00956b4ac0                   Options.target_file_size_base: 67108864
2023/01/21-18:23:38.352878 7f00956b4ac0             Options.target_file_size_multiplier: 1
2023/01/21-18:23:38.352879 7f00956b4ac0                Options.max_bytes_for_level_base: 268435456
2023/01/21-18:23:38.352881 7f00956b4ac0 Options.level_compaction_dynamic_level_bytes: 0
2023/01/21-18:23:38.352882 7f00956b4ac0          Options.max_bytes_for_level_multiplier: 10.000000
2023/01/21-18:23:38.352886 7f00956b4ac0 Options.max_bytes_for_level_multiplier_addtl[0]: 1
2023/01/21-18:23:38.352888 7f00956b4ac0 Options.max_bytes_for_level_multiplier_addtl[1]: 1
2023/01/21-18:23:38.352889 7f00956b4ac0 Options.max_bytes_for_level_multiplier_addtl[2]: 1
2023/01/21-18:23:38.352891 7f00956b4ac0 Options.max_bytes_for_level_multiplier_addtl[3]: 1
2023/01/21-18:23:38.352892 7f00956b4ac0 Options.max_bytes_for_level_multiplier_addtl[4]: 1
2023/01/21-18:23:38.352914 7f00956b4ac0 Options.max_bytes_for_level_multiplier_addtl[5]: 1
2023/01/21-18:23:38.352916 7f00956b4ac0 Options.max_bytes_for_level_multiplier_addtl[6]: 1
2023/01/21-18:23:38.352918 7f00956b4ac0       Options.max_sequential_skip_in_iterations: 8
2023/01/21-18:23:38.352919 7f00956b4ac0                    Options.max_compaction_bytes: 1677721600
2023/01/21-18:23:38.352921 7f00956b4ac0                        Options.arena_block_size: 8388608
2023/01/21-18:23:38.352922 7f00956b4ac0   Options.soft_pending_compaction_bytes_limit: 68719476736
2023/01/21-18:23:38.352924 7f00956b4ac0   Options.hard_pending_compaction_bytes_limit: 274877906944
2023/01/21-18:23:38.352925 7f00956b4ac0       Options.rate_limit_delay_max_milliseconds: 100
2023/01/21-18:23:38.352927 7f00956b4ac0                Options.disable_auto_compactions: 1
2023/01/21-18:23:38.352929 7f00956b4ac0                        Options.compaction_style: kCompactionStyleLevel
2023/01/21-18:23:38.352931 7f00956b4ac0                          Options.compaction_pri: kMinOverlappingRatio
2023/01/21-18:23:38.352933 7f00956b4ac0 Options.compaction_options_universal.size_ratio: 1
2023/01/21-18:23:38.352934 7f00956b4ac0 Options.compaction_options_universal.min_merge_width: 2
2023/01/21-18:23:38.352935 7f00956b4ac0 Options.compaction_options_universal.max_merge_width: 4294967295
2023/01/21-18:23:38.352937 7f00956b4ac0 Options.compaction_options_universal.max_size_amplification_percent: 200
2023/01/21-18:23:38.352938 7f00956b4ac0 Options.compaction_options_universal.compression_size_percent: -1
2023/01/21-18:23:38.352940 7f00956b4ac0 Options.compaction_options_universal.stop_style: kCompactionStopStyleTotalSize
2023/01/21-18:23:38.352942 7f00956b4ac0 Options.compaction_options_fifo.max_table_files_size: 1073741824
2023/01/21-18:23:38.352943 7f00956b4ac0 Options.compaction_options_fifo.allow_compaction: 0
2023/01/21-18:23:38.352948 7f00956b4ac0                   Options.table_properties_collectors: 
2023/01/21-18:23:38.352950 7f00956b4ac0                   Options.inplace_update_support: 0
2023/01/21-18:23:38.352951 7f00956b4ac0                 Options.inplace_update_num_locks: 10000
2023/01/21-18:23:38.352953 7f00956b4ac0               Options.memtable_prefix_bloom_size_ratio: 0.000000
2023/01/21-18:23:38.352955 7f00956b4ac0               Options.memtable_whole_key_filtering: 0
2023/01/21-18:23:38.352956 7f00956b4ac0   Options.memtable_huge_page_size: 0
2023/01/21-18:23:38.352958 7f00956b4ac0                           Options.bloom_locality: 0
2023/01/21-18:23:38.352959 7f00956b4ac0                    Options.max_successive_merges: 0
2023/01/21-18:23:38.352961 7f00956b4ac0                Options.optimize_filters_for_hits: 0
2023/01/21-18:23:38.352962 7f00956b4ac0                Options.paranoid_file_checks: 0
2023/01/21-18:23:38.352964 7f00956b4ac0                Options.force_consistency_checks: 1
2023/01/21-18:23:38.352965 7f00956b4ac0                Options.report_bg_io_stats: 0
2023/01/21-18:23:38.352967 7f00956b4ac0                               Options.ttl: 2592000
2023/01/21-18:23:38.352968 7f00956b4ac0          Options.periodic_compaction_seconds: 2592000
2023/01/21-18:23:38.352970 7f00956b4ac0                    Options.enable_blob_files: false
2023/01/21-18:23:38.352971 7f00956b4ac0                        Options.min_blob_size: 0
2023/01/21-18:23:38.352973 7f00956b4ac0                       Options.blob_file_size: 268435456
2023/01/21-18:23:38.352974 7f00956b4ac0                Options.blob_compression_type: NoCompression
2023/01/21-18:23:38.352976 7f00956b4ac0       Options.enable_blob_garbage_collection: false
2023/01/21-18:23:38.352977 7f00956b4ac0   Options.blob_garbage_collection_age_cutoff: 0.250000
2023/01/21-18:23:38.359948 7f00956b4ac0 [db/version_set.cc:4798] Recovered from manifest file:/home/obrit/motokobootcamp2023-coreproject/.dfx/state/replicated_state/node-100/ic_consensus_pool/certification/MANIFEST-000003 succeeded,manifest_file_number is 3, next_file_number is 108, last_sequence is 166016, log_number is 104,prev_log_number is 0,max_column_family is 2,min_log_number_to_keep is 0
2023/01/21-18:23:38.360041 7f00956b4ac0 [db/version_set.cc:4813] Column family [default] (ID 0), log number is 0
2023/01/21-18:23:38.360048 7f00956b4ac0 [db/version_set.cc:4813] Column family [CE] (ID 1), log number is 101
2023/01/21-18:23:38.360050 7f00956b4ac0 [db/version_set.cc:4813] Column family [CES] (ID 2), log number is 104
2023/01/21-18:23:38.360212 7f00956b4ac0 [db/version_set.cc:4112] Creating manifest 108
2023/01/21-18:23:38.704956 7f00956b4ac0 EVENT_LOG_v1 {"time_micros": 1674354218704944, "job": 1, "event": "recovery_started", "wal_files": [101, 104]}
2023/01/21-18:23:38.704972 7f00956b4ac0 [db/db_impl/db_impl_open.cc:847] Recovering log #101 mode 2
2023/01/21-18:23:38.705073 7f00956b4ac0 [db/db_impl/db_impl_open.cc:847] Recovering log #104 mode 2
2023/01/21-18:23:38.929784 7f00956b4ac0 EVENT_LOG_v1 {"time_micros": 1674354218929718, "cf_name": "CE", "job": 1, "event": "table_file_creation", "file_number": 109, "file_size": 593542, "file_checksum": "", "file_checksum_func_name": "Unknown", "table_properties": {"data_size": 589897, "index_size": 2788, "index_partitions": 0, "top_level_index_size": 0, "index_key_is_user_key": 1, "index_value_is_delta_encoded": 1, "filter_size": 0, "raw_key_size": 139104, "raw_average_key_size": 48, "raw_value_size": 454986, "raw_average_value_size": 157, "num_data_blocks": 145, "num_entries": 2898, "num_deletions": 0, "num_merge_operands": 0, "num_range_deletions": 0, "format_version": 0, "fixed_key_len": 0, "filter_policy": "", "column_family_name": "CE", "column_family_id": 1, "comparator": "leveldb.BytewiseComparator", "merge_operator": "nullptr", "prefix_extractor_name": "nullptr", "property_collectors": "[]", "compression": "NoCompression", "compression_options": "window_bits=-14; level=32767; strategy=0; max_dict_bytes=0; zstd_max_train_bytes=0; enabled=0; ", "creation_time": 1674354218, "oldest_key_time": 0, "file_creation_time": 0, "db_id": "feea6fb7-cfbb-447c-9340-f056bea9c320", "db_session_id": "U44KKW635LGAWW8EKGB7"}}
